GRI
          本文方法 TOPSIS  WAA     张凯TFS绝对 张凯TFS相对 贾凡alpha 贾凡beta 贾凡gamma 蒋海波TFS1
abalone   0.6303  0.6355  0.6375  0.4157	0.4569	  0.6375  0.6375    0.6375	0.6097
compactiv 0.8106  0.7813  0.8728  0.8071	0.8557	  0.8728  0.8728    0.8728	0.5815
friedman  0.7525  0.7521  0.7478  0.6735	0.6854	  0.7478  0.7478    0.7478	0.6788
wizmir    0.8257  0.8223  0.8849  0.8159	0.8341	  0.8849  0.8849    0.8849	0.8204








LRI      本文方法 TOPSIS	 WAA  张凯TFS绝对 张凯TFS相对 贾凡alpha 贾凡beta 贾凡gamma 蒋海波TFS1
abalone   0.9781 0.9830	0.9807	0.9607	  0.9494     0.9807    0.9807	0.9807	0.9990
compactiv 0.9612 0.9623	0.9571	0.9660	  0.9571     0.9571    0.9571	0.9571	0.9714
friedman  0.9993 0.9964	0.9940	0.9565	  0.9613     0.9940    0.9940	0.9940	0.9705
wizmir    0.9362 0.9309	0.9424	0.9824	  0.9824     0.9424    0.9424	0.9424	0.9342
